.Random.seed <-
c(403L, 10L, -1274134304L, -688408194L, 1135377417L, 1000000571L, 
1571770890L, -783377940L, -1483932049L, -164302427L, -700487332L, 
-1420159694L, -565416915L, 1302995687L, 627984398L, 263641576L, 
463207403L, -108764023L, 1735319576L, 673595206L, -498082399L, 
175682611L, 1071552930L, -1694876524L, -738100457L, -990366451L, 
1384334372L, -349563894L, 1153239413L, 603246799L, -925711402L, 
-1667155072L, 1912000451L, -478721695L, 673652688L, -1999218898L, 
182995673L, -291174165L, -1047357094L, 801563420L, 554677791L, 
429354613L, -1020957940L, 212600546L, 903982013L, -1824781257L, 
-1831084322L, -1888323048L, 836535675L, -279479015L, -1374649944L, 
1283855702L, 1781089745L, -1574855293L, -2081020910L, 1852346276L, 
580765543L, -149416771L, -898874316L, -1665800294L, 1035334629L, 
2031185791L, 743583494L, 73394320L, -1033486029L, 440432337L, 
-1066564480L, -1361386146L, 558013097L, -1930205861L, 851122026L, 
-128262644L, -777071025L, 1689533189L, 1375640508L, 704417426L, 
-921678451L, 1763474887L, 213728942L, 611931912L, 963773707L, 
-611503127L, -1855290184L, 1170076518L, -507496447L, -399399277L, 
462313794L, 2063365876L, -797678857L, 1695527661L, 2068516228L, 
1938465706L, 972052757L, 1342165935L, 952134582L, -760974880L, 
1405079843L, -1422588351L, 1800464688L, -798778546L, -1571225159L, 
-2053956661L, 771297402L, -1951944324L, 1995588031L, -328712555L, 
1356514476L, -865554814L, -454531491L, -537474729L, 357520446L, 
-1513047944L, -52239525L, -111337799L, 501986056L, 2026736054L, 
1001625329L, -510459613L, 1911903090L, -907716156L, 265970055L, 
314514269L, 1735873876L, 300603258L, 807302853L, 1513945119L, 
-773464154L, -1124933328L, 1752103891L, 1168712177L, 1076651808L, 
854864318L, -561380919L, -489097861L, -1213357238L, -366271572L, 
-1727149393L, 1834809445L, -295028708L, -2024417678L, 727640301L, 
-2039043801L, -997272242L, 1357870504L, -886615637L, 960178889L, 
1542789848L, -1144412282L, 162740833L, -1385569293L, 1023374946L, 
1524142292L, 463657431L, -1738716211L, 658521956L, -693408950L, 
-526222667L, 574622223L, 1125485334L, 387573184L, -1060227709L, 
2143648673L, -2015083632L, 1036476526L, 2142283289L, 1309968043L, 
-1691403622L, -1317329316L, 776057695L, 2034756917L, -673915700L, 
2036950562L, 27760765L, 1882169719L, 272027294L, -979059368L, 
2096786619L, 1041273433L, 930183656L, 374471702L, 2120959889L, 
1833289795L, -2057474222L, 39343076L, -2009896409L, 1900290685L, 
666770292L, -1085491366L, 643936677L, -2021151297L, -2082337210L, 
1905564880L, 414299891L, 1736830993L, -1178323392L, 1577343518L, 
75322601L, -925491685L, -1015996886L, -214187700L, 48884495L, 
421232197L, -2072213508L, -137912750L, 1589773261L, 625388935L, 
-864524178L, 520843336L, -1492975029L, -1269882967L, -1314361608L, 
198322726L, 753419073L, 1120397523L, 225332354L, -1532073292L, 
1785904695L, -1650334419L, -1434595772L, -61009046L, -1526284331L, 
1670769007L, -17685386L, -1322782816L, -1477871517L, -1209770751L, 
-1804046224L, 1682119694L, 266779769L, 1400116232L, -1388795764L, 
-1610062820L, 302333586L, -1548286848L, -606154732L, 767597864L, 
-163553734L, 919432400L, -1257118612L, 137679540L, 370253842L, 
-1046104096L, 1613477836L, -815903264L, -2065717726L, -261177048L, 
370391308L, 1975461436L, 697405682L, -611904784L, -279289020L, 
2064876120L, -1230927302L, -733929744L, -968780612L, -924781036L, 
1508432066L, 758278240L, -1240795780L, -588385072L, -553935838L, 
-1259240792L, -533346420L, -824839748L, -832023502L, 1469675328L, 
1066305716L, -1692746936L, 124672698L, 807474960L, 1405444332L, 
-884313004L, -1434427630L, 1426004896L, -515465268L, -49284256L, 
-1776389950L, 337053224L, 1557702060L, -387211460L, -1869641870L, 
1564760880L, 323838500L, -1434724296L, -1651211046L, 355412368L, 
-1630615812L, -99831916L, 1933347650L, -1429650944L, 1842993724L, 
417054288L, 649697954L, 686955336L, -1135181300L, -1699361572L, 
-524305838L, -1806129024L, -697517228L, 1655372264L, 1259956986L, 
-2080000176L, 868924460L, 547403124L, 1316898450L, -1749788064L, 
1664377484L, -629851296L, -857357598L, 1278451880L, 722452684L, 
473270780L, -1862627406L, -1235126800L, 103491012L, 866901848L, 
1918585722L, -619956816L, 68860348L, -1992890284L, 1045760962L, 
-1427045600L, -1758257220L, -745706928L, -1702191646L, -559828632L, 
-854192820L, 513313020L, -1237753102L, -1273866496L, -1973320076L, 
-1669887992L, -1665844806L, -396798000L, -1665730068L, 503992212L, 
-1706036526L, -1265070496L, -1476205236L, 948835616L, -1629851006L, 
-1329026584L, 269584364L, -772327876L, -513847694L, -99728528L, 
-1530541788L, -845303240L, 457302426L, -1865545264L, 138198460L, 
-671922028L, 1319246978L, 1906009536L, -264674500L, -1476660080L, 
453034786L, -934900216L, 918498572L, 449820060L, -961880558L, 
1236208512L, -1270299884L, 152645928L, 730377274L, 600697808L, 
-589823380L, -1440728524L, -1111754094L, 971464032L, 442444108L, 
1928992736L, 1716213154L, -1610293848L, -1623071092L, -1110958660L, 
-162238862L, -1743971344L, 649410116L, -646326184L, -510928838L, 
-200832912L, -623806404L, 1033787668L, 1062601410L, -335982880L, 
1410828412L, 35319504L, 323074466L, 952135720L, 713005836L, -1174449732L, 
2084270898L, 1465842368L, -67091404L, -2055465272L, 43570362L, 
1340094096L, 1360645868L, -617051564L, 1183130258L, -1172487904L, 
-1183348276L, -963493152L, 618707138L, -1049676760L, 187905964L, 
-1085513028L, 1945054194L, 2085391920L, 1299367844L, 870591928L, 
895739738L, -1598787440L, -1209293956L, -2103570156L, -56891070L, 
1355524352L, 332967356L, -2025125552L, 1301924130L, 1081664072L, 
1617913868L, -2113804708L, -558249518L, 1731702272L, -1119650476L, 
-273511192L, 424855802L, 762986192L, -864728276L, -12523276L, 
203055506L, 1957799264L, 103650316L, 2081131744L, -274894238L, 
205579432L, 1858438220L, -472055940L, 627554610L, -1525939600L, 
-1687342268L, -1484112936L, -1314952326L, 450631728L, -506167364L, 
1919355476L, 120090690L, 1111320224L, -1420352836L, 1295737808L, 
-69724830L, 690306792L, 1364122828L, -111068676L, 1137296881L, 
697553206L, -154170924L, -1711726747L, -907489425L, 450236840L, 
1111541510L, 130179635L, 977092757L, 382640370L, 44284224L, -1733704023L, 
-934871269L, -2020464404L, -1408457478L, 897838383L, -1463346887L, 
-149886130L, 723308956L, -1541846259L, -2132673161L, 1833728384L, 
1264492510L, 1517242539L, -2109269075L, 691806234L, -645351720L, 
-59615423L, 1082296307L, 1835993620L, -1834921054L, 2024262839L, 
-766220671L, 2058075782L, -1627322684L, 1492363253L, 1643384415L, 
-1150703432L, -1356886634L, -1129128029L, 273789797L, -1647349118L, 
-111493136L, 249989529L, 1712433035L, 1554772604L, -389054294L, 
572564191L, 239366249L, -1916278146L, -623644052L, 193703613L, 
2108208007L, -998541456L, -1771700722L, 383214395L, 1143906333L, 
1006778570L, -653122584L, -752815919L, -1517327165L, -830000188L, 
1778931826L, -1557124793L, 1262884113L, 790442134L, -71428620L, 
270329733L, -1830414641L, 1540580296L, 768053862L, -961377133L, 
-319847435L, -165706286L, 115324448L, -1656612855L, -1653301957L, 
-1746497396L, -1971757798L, 879833999L, 1461357785L, -1314118802L, 
718877436L, 1977778285L, -998437865L, -741945888L, 1635998142L, 
-882880629L, -961540083L, -1639720902L, -1471588232L, -1744571359L, 
-46594349L, 928429556L, -222161278L, 827175703L, -942284319L, 
249220902L, 1161828900L, 831216853L, -678572929L, 1851441432L, 
-1047302090L, 1284400835L, -1724806395L, 79359650L, 1791253648L, 
1346841657L, -1614945045L, 752891356L, 1131199498L, 1737513727L, 
-8498359L, -1812404002L, -1898195316L, 1734287965L, -800071577L, 
857980304L, -1811575378L, -1141712805L, -628109251L, -1181907286L, 
-2088443064L, -1262459023L, 630788323L, 842811364L, -913268974L, 
-1980448025L, -684448591L, -2088728842L, 359174420L, 899237413L, 
854793007L, 721505512L, 1485761990L, -616424333L, 1765111509L, 
1136872626L, -1245069184L, 1316990057L, 705689819L, -1541034964L, 
706040890L, -1633254673L, -1836302983L, 228520462L, -290667556L, 
